53 77 7
13 100 51
65 100 81
14 40 18
16 97 72
68 72 99
47 93 80
5 37 34
17 36 84
47 58 18
17 74 14
22 63 86
23 83 54
39 70 90
28 82 38
63 75 16
34 78 57
41 43 31
14 57 69
34 60 10
25 43 44
14 57 70
1 62 47
10 61 15
2 55 98
15 63 66
27 72 95
71 84 76
45 65 10
20 74 7
23 54 34
17 96 67
39 81 36
17 89 94
6 63 53
2 83 78
8 71 3
39 86 82
2 8 36
35 76 83
1 15 65
36 85 28
68 72 44
8 17 50
3 4 98
10 75 1
19 69 36
50 55 18
25 76 6
23 37 32
75 88 43
8 89 13
29 76 58
56 66 48
11 97 11
16 62 12
47 88 99
89 95 87
53 75 14
10 58 29
67 94 49
95 100 20
56 63 68
1 19 96
39 71 23
5 80 32
42 61 61
9 55 6
20 48 27
36 44 59
31 83 29
53 87 60
31 83 85
88 91 91
45 71 52
64 71 30
52 80 57
18 92 68
90 100 5
72 82 41
47 87 67
55 77 8
75 77 24
56 95 67
23 24 46
12 75 2
31 78 45
32 69 21
40 97 49
8 31 1
17 98 25
19 92 88
48 88 16
71 81 34
19 81 12
3 8 19
10 38 71
36 42 95
40 53 44
46 67 59
26 51 76
